815781 2.3363537248932027
14293 0.338007601265177
564741 0.25
230422 0.11791383219954647
8014 0.0885323759133283
635039 0.06221480359924891
249452 0.047619047619047616
651561 0.04091827364554638
292876 0.04057761976336378
249411 0.04000000000000001
363985 0.032518404501398854
690917 0.03225490779519726
118725 0.027777777777777776
513596 0.027777777777777776
588881 0.027777777777777776
293865 0.027777777777777776
535857 0.027210884353741492
205714 0.024397327599670483
264585 0.022274512804815835
155698 0.02040816326530612
163955 0.01943974473398175
376109 0.019183661238723438
502701 0.01652892561983471
651805 0.01652892561983471
547468 0.01652892561983471
698948 0.015836828512396695
195782 0.014411794714825017
307 0.014377047115142351
185940 0.013964462809917356
1837 0.013888888888888888
423952 0.013747165532879817
418712 0.013605442176870746
87145 0.0125
500825 0.012345679012345678
417701 0.012345679012345678
137817 0.012345679012345678
383810 0.012345679012345678
369912 0.011371161238723438
206586 0.01114517983376476
27697 0.01093495249339405
575333 0.010708971088435373
205908 0.010220994733981748
795147 0.010126425874910725
385048 0.009182736455463728
462001 0.00903606774818896
207400 0.00878099173553719
149606 0.008634323028262421
94188 0.008544444444444445
133093 0.008402721088435374
47838 0.008264462809917356
326910 0.007862718089990816
704407 0.0078125
168986 0.0078125
595117 0.007767008601237466
30881 0.007720994733981746
442669 0.007720994733981746
417980 0.0075
1021 0.0075
522722 0.007253979583938907
274286 0.007081165452653486
401051 0.006944444444444444
275276 0.006944444444444444
222215 0.006944444444444444
677313 0.006802721088435373
33801 0.006802721088435373
23757 0.006802721088435373
228969 0.006802721088435373
167667 0.006213396857612163
646534 0.0059838284462255704
607423 0.005972365702479339
7854 0.005596128583817978
777163 0.005050505050505051
375777 0.005036547291092746
14735 0.005000000000000001
634227 0.004946832726326743
473144 0.004677854938271605
65988 0.0041898785838179785
536757 0.004132231404958678
591054 0.004118273645546373
616944 0.003971604938271605
385040 0.00390625
185453 0.00390625
665477 0.00390625
475394 0.00390625
463396 0.003795403662965861
3390 0.003540582726326743
474643 0.0034182736455463736
366608 0.0034182736455463736
806306 0.0032
607462 0.002518273645546373
111069 0.002518273645546373
663368 0.0025000000000000005
38760 0.0025000000000000005
659214 0.0025000000000000005
304302 0.0025000000000000005
298317 0.0025000000000000005
807194 0.0025000000000000005
22323 0.0023716049382716048
471413 0.0020811654526534857
277321 0.0020811654526534857
768179 0.002066115702479339
725562 0.002066115702479339
692786 0.002066115702479339
155935 0.002066115702479339
330154 0.002066115702479339
492665 0.0019588563718731158
359682 0.0018365472910927458
380147 0.0018365472910927458
326008 0.0018365472910927458
525816 0.0018365472910927458
594596 0.0018121876645983478
140167 0.0016898785838179778
697981 0.0016898785838179778
797728 0.0016
194689 0.0016
670276 0.0016
614358 0.0016
459399 0.0016
46830 0.0016
250394 0.0016
56437 0.0015432098765432098
25950 0.0015432098765432098
277489 0.0010405827263267429
584080 0.0010405827263267429
5927 0.0010405827263267429
784338 0.0010405827263267429
420002 0.0010405827263267429
394976 0.0010405827263267429
515676 0.0010405827263267429
509063 0.0010405827263267429
431905 0.0010405827263267429
12367 0.0010405827263267429
374630 0.0009182736455463729
113311 0.0009182736455463729
132193 0.0009182736455463729
170250 0.0009182736455463729
3167 0.0009182736455463729
207669 0.0009182736455463729
263589 0.0009182736455463729
368407 0.0009182736455463729
122972 0.0009182736455463729
807812 0.0009182736455463729
332051 0.0009182736455463729
369399 0.0009182736455463729
221313 0.0009182736455463729
808872 0.0009182736455463729
38590 0.0009182736455463729
328438 0.0009182736455463729
284492 0.0009182736455463729
184380 0.0009182736455463729
496293 0.0009182736455463729
149909 0.0009182736455463729
652051 0.0009182736455463729
452365 0.0009182736455463729
534541 0.0009182736455463729
3431 0.0009182736455463729
205837 0.0009182736455463729
462145 0.0007716049382716049
718625 0.0007716049382716049
68601 0.0007716049382716049
53950 0.0007716049382716049
15752 0.0007716049382716049
630023 0.0007716049382716049
23509 0.0007716049382716049
60859 0.0007716049382716049
68614 0.0007716049382716049
459535 0.0007716049382716049
415356 0.0007716049382716049
62877 0.0007716049382716049
511917 0.0007716049382716049
60848 0.0007716049382716049
322445 0.0007716049382716049
170375 0.0007716049382716049
549058 0.0
643216 0.0
705475 0.0
80293 0.0
413946 0.0
476576 0.0
656216 0.0
40060 0.0
145113 0.0
219547 0.0
57533 0.0
486471 0.0
526225 0.0
135201 0.0
755974 0.0
321824 0.0
462875 0.0
437433 0.0
282400 0.0
416477 0.0
81992 0.0
713327 0.0
487220 0.0
281939 0.0
585071 0.0
481712 0.0
2981 0.0
323831 0.0
52630 0.0
743424 0.0
790206 0.0
607125 0.0
657322 0.0
193135 0.0
536287 0.0
99413 0.0
170723 0.0
163674 0.0
126432 0.0
146727 0.0
415236 0.0
305247 0.0
39868 0.0
29167 0.0
211786 0.0
98350 0.0
568649 0.0
562919 0.0
442628 0.0
625813 0.0
307864 0.0
479250 0.0
334171 0.0
501293 0.0
749651 0.0
7306 0.0
788120 0.0
664666 0.0
27844 0.0
480234 0.0
742033 0.0
72538 0.0
229279 0.0
525347 0.0
65087 0.0
111416 0.0
98015 0.0
248838 0.0
174616 0.0
193231 0.0
302545 0.0
503540 0.0
519765 0.0
235048 0.0
450789 0.0
156488 0.0
735022 0.0
65756 0.0
787549 0.0
8788 0.0
409680 0.0
754255 0.0
253420 0.0
238876 0.0
259369 0.0
297945 0.0
786500 0.0
270486 0.0
261932 0.0
240152 0.0
69847 0.0
772705 0.0
257508 0.0
587958 0.0
85193 0.0
174823 0.0
490227 0.0
62749 0.0
716031 0.0
295836 0.0
758520 0.0
142619 0.0
318786 0.0
472243 0.0
42961 0.0
558147 0.0
76289 0.0
311614 0.0
25836 0.0
402503 0.0
537118 0.0
141838 0.0
301042 0.0
799125 0.0
234045 0.0
582705 0.0
610350 0.0
155224 0.0
812794 0.0
270107 0.0
183685 0.0
659114 0.0
221062 0.0
24104 0.0
503671 0.0
650445 0.0
504605 0.0
536765 0.0
25877 0.0
686114 0.0
474546 0.0
469552 0.0
28353 0.0
59938 0.0
716868 0.0
287300 0.0
159814 0.0
535382 0.0
56843 0.0
456976 0.0
163856 0.0
103352 0.0
599938 0.0
797677 0.0
110739 0.0
37110 0.0
398313 0.0
42420 0.0
578205 0.0
17993 0.0
567344 0.0
716627 0.0
573185 0.0
635505 0.0
474505 0.0
680669 0.0
440503 0.0
28715 0.0
337987 0.0
702612 0.0
102352 0.0
625955 0.0
324156 0.0
144740 0.0
686080 0.0
810426 0.0
178248 0.0
103820 0.0
507824 0.0
411087 0.0
538101 0.0
292827 0.0
100966 0.0
226478 0.0
239514 0.0
360199 0.0
180674 0.0
394202 0.0
544517 0.0
427355 0.0
365471 0.0
220312 0.0
569131 0.0
120097 0.0
681365 0.0
423787 0.0
448307 0.0
502812 0.0
110282 0.0
201269 0.0
220409 0.0
224537 0.0
440643 0.0
48490 0.0
491481 0.0
625272 0.0
124262 0.0
383074 0.0
521984 0.0
712405 0.0
498146 0.0
575295 0.0
683822 0.0
477282 0.0
283988 0.0
433622 0.0
598633 0.0
359383 0.0
318775 0.0
696661 0.0
666331 0.0
296853 0.0
431353 0.0
309711 0.0
474999 0.0
396863 0.0
710213 0.0
784354 0.0
187125 0.0
607216 0.0
286021 0.0
391561 0.0
414967 0.0
217077 0.0
237828 0.0
134051 0.0
686278 0.0
455711 0.0
466326 0.0
588435 0.0
55231 0.0
444208 0.0
446285 0.0
416330 0.0
600267 0.0
445017 0.0
323416 0.0
535606 0.0
622103 0.0
78647 0.0
396665 0.0
159597 0.0
13894 0.0
709265 0.0
522710 0.0
809568 0.0
210639 0.0
593739 0.0
723171 0.0
275357 0.0
275810 0.0
330814 0.0
57860 0.0
599505 0.0
93046 0.0
375124 0.0
400972 0.0
589199 0.0
590750 0.0
101557 0.0
303144 0.0
140247 0.0
38493 0.0
51076 0.0
302217 0.0
187454 0.0
145887 0.0
403622 0.0
721076 0.0
267566 0.0
634879 0.0
341005 0.0
198253 0.0
252478 0.0
812394 0.0
544855 0.0
387957 0.0
232343 0.0
234073 0.0
443553 0.0
116701 0.0
517732 0.0
107578 0.0
457557 0.0
111420 0.0
696758 0.0
261841 0.0
318069 0.0
643163 0.0
572975 0.0
348540 0.0
682874 0.0
336555 0.0
478977 0.0
773571 0.0
72384 0.0
500015 0.0
207519 0.0
597544 0.0
311457 0.0
536421 0.0
595980 0.0
374925 0.0
259441 0.0
526531 0.0
479293 0.0
56403 0.0
222332 0.0
792071 0.0
120723 0.0
697518 0.0
503485 0.0
138887 0.0
654438 0.0
397663 0.0
85343 0.0
533253 0.0
708563 0.0
35032 0.0
102259 0.0
40468 0.0
245069 0.0
545845 0.0
226509 0.0
744046 0.0
125841 0.0
101277 0.0
616897 0.0
494417 0.0
801825 0.0
281240 0.0
553892 0.0
665169 0.0
758366 0.0
677498 0.0
82556 0.0
37043 0.0
548303 0.0
277898 0.0
479025 0.0
71468 0.0
515740 0.0
589380 0.0
382950 0.0
89041 0.0
100059 0.0
639265 0.0
812987 0.0
575856 0.0
196877 0.0
563662 0.0
285552 0.0
404960 0.0
742869 0.0
146718 0.0
243346 0.0
688559 0.0
79759 0.0
456456 0.0
500898 0.0
793122 0.0
151465 0.0
251056 0.0
156439 0.0
726674 0.0
752736 0.0
273943 0.0
194614 0.0
317593 0.0
144164 0.0
164602 0.0
391584 0.0
350839 0.0
39063 0.0
534592 0.0
538079 0.0
803926 0.0
20188 0.0
120105 0.0
64968 0.0
642738 0.0
376166 0.0
219847 0.0
329371 0.0
279345 0.0
109484 0.0
385289 0.0
510654 0.0
173196 0.0
304317 0.0
800608 0.0
98790 0.0
132913 0.0
98879 0.0
489459 0.0
612941 0.0
131858 0.0
513833 0.0
60143 0.0
813305 0.0
640490 0.0
273392 0.0
616504 0.0
323414 0.0
447749 0.0
347160 0.0
594303 0.0
754576 0.0
390804 0.0
574987 0.0
510414 0.0
717216 0.0
629683 0.0
525516 0.0
46445 0.0
388695 0.0
468138 0.0
277375 0.0
59805 0.0
724573 0.0
27804 0.0
162135 0.0
795398 0.0
134083 0.0
22174 0.0
670453 0.0
255616 0.0
476666 0.0
177575 0.0
661148 0.0
108842 0.0
174413 0.0
532703 0.0
460108 0.0
218057 0.0
26381 0.0
731811 0.0
232151 0.0
356122 0.0
437027 0.0
3376 0.0
479774 0.0
779277 0.0
123138 0.0
479525 0.0
264903 0.0
164984 0.0
556625 0.0
263028 0.0
524875 0.0
404716 0.0
546107 0.0
44549 0.0
120305 0.0
155156 0.0
592808 0.0
127372 0.0
145850 0.0
248553 0.0
272289 0.0
815979 0.0
339194 0.0
508601 0.0
261225 0.0
329597 0.0
373019 0.0
224250 0.0
716398 0.0
332550 0.0
627551 0.0
13520 0.0
105238 0.0
388138 0.0
571425 0.0
331202 0.0
363812 0.0
500686 0.0
510514 0.0
137362 0.0
22961 0.0
176278 0.0
11020 0.0
123089 0.0
102954 0.0
152200 0.0
119298 0.0
299422 0.0
648758 0.0
576689 0.0
790844 0.0
793868 0.0
294518 0.0
789837 0.0
688843 0.0
781666 0.0
699830 0.0
466253 0.0
361355 0.0
104263 0.0
419350 0.0
283492 0.0
815285 0.0
670262 0.0
247503 0.0
242766 0.0
342835 0.0
791704 0.0
199410 0.0
343068 0.0
594623 0.0
190452 0.0
285820 0.0
167022 0.0
419101 0.0
719304 0.0
96563 0.0
785977 0.0
115410 0.0
318959 0.0
606931 0.0
226723 0.0
700327 0.0
88841 0.0
360869 0.0
555566 0.0
176686 0.0
93098 0.0
184494 0.0
432760 0.0
30029 0.0
224083 0.0
504030 0.0
155243 0.0
556676 0.0
135177 0.0
38230 0.0
268455 0.0
680464 0.0
802480 0.0
209818 0.0
345479 0.0
25546 0.0
110391 0.0
27892 0.0
188657 0.0
180759 0.0
275951 0.0
26098 0.0
141884 0.0
684190 0.0
757448 0.0
662029 0.0
257655 0.0
307568 0.0
779023 0.0
356489 0.0
785683 0.0
131250 0.0
332829 0.0
387497 0.0
198031 0.0
803029 0.0
512213 0.0
618657 0.0
439182 0.0
451660 0.0
103496 0.0
101858 0.0
702736 0.0
505822 0.0
594828 0.0
729187 0.0
230398 0.0
417289 0.0
230939 0.0
2493 0.0
142736 0.0
555244 0.0
570305 0.0
685322 0.0
624448 0.0
75467 0.0
293885 0.0
642655 0.0
290565 0.0
502459 0.0
145709 0.0
52110 0.0
540009 0.0
810147 0.0
8869 0.0
537702 0.0
382813 0.0
366852 0.0
28244 0.0
153148 0.0
88915 0.0
665823 0.0
160536 0.0
186105 0.0
686001 0.0
249695 0.0
453280 0.0
350121 0.0
431811 0.0
277394 0.0
324711 0.0
234953 0.0
317920 0.0
710240 0.0
718177 0.0
83541 0.0
485410 0.0
227890 0.0
205517 0.0
206866 0.0
62257 0.0
299364 0.0
373304 0.0
601308 0.0
152261 0.0
290569 0.0
558430 0.0
533565 0.0
210320 0.0
794885 0.0
21353 0.0
622164 0.0
310360 0.0
430139 0.0
576810 0.0
149809 0.0
44485 0.0
427883 0.0
275579 0.0
147244 0.0
567374 0.0
556387 0.0
67193 0.0
494217 0.0
62370 0.0
623446 0.0
16495 0.0
805308 0.0
333385 0.0
417403 0.0
25612 0.0
141828 0.0
28479 0.0
9576 0.0
407878 0.0
258199 0.0
790284 0.0
66236 0.0
181348 0.0
694541 0.0
260212 0.0
6388 0.0
298614 0.0
372180 0.0
490800 0.0
528690 0.0
224331 0.0
74822 0.0
354947 0.0
245028 0.0
231500 0.0
365263 0.0
235424 0.0
424482 0.0
248912 0.0
55340 0.0
450828 0.0
648195 0.0
229750 0.0
460340 0.0
223060 0.0
185127 0.0
105105 0.0
111215 0.0
71454 0.0
329974 0.0
242493 0.0
587505 0.0
55576 0.0
177049 0.0
760646 0.0
787805 0.0
56058 0.0
194035 0.0
494905 0.0
96638 0.0
757131 0.0
762033 0.0
348457 0.0
51566 0.0
246672 0.0
93167 0.0
710817 0.0
207953 0.0
522621 0.0
703289 0.0
326580 0.0
17897 0.0
263078 0.0
422245 0.0
702892 0.0
422312 0.0
434458 0.0
181896 0.0
480956 0.0
551158 0.0
620623 0.0
317012 0.0
287764 0.0
708620 0.0
307932 0.0
288340 0.0
278992 0.0
492560 0.0
721964 0.0
383911 0.0
644920 0.0
205598 0.0
382730 0.0
807569 0.0
487833 0.0
309284 0.0
588929 0.0
111059 0.0
389469 0.0
155352 0.0
305077 0.0
454947 0.0
446107 0.0
318515 0.0
416607 0.0
27363 0.0
511620 0.0
797236 0.0
327111 0.0
15276 0.0
19808 0.0
515791 0.0
437827 0.0
128201 0.0
556595 0.0
400650 0.0
469114 0.0
739052 0.0
349780 0.0
165656 0.0
208661 0.0
358846 0.0
636228 0.0
182201 0.0
606539 0.0
372019 0.0
310154 0.0
170746 0.0
61731 0.0
492876 0.0
197837 0.0
568020 0.0
374981 0.0
482054 0.0
506236 0.0
639754 0.0
551324 0.0
44523 0.0
312088 0.0
160480 0.0
555286 0.0
7972 0.0
610507 0.0
256575 0.0
320050 0.0
273 0.0
480534 0.0
78374 0.0
388814 0.0
570405 0.0
309440 0.0
720037 0.0
313117 0.0
64481 0.0
416325 0.0
782098 0.0
544425 0.0
119865 0.0
453408 0.0
236316 0.0
790334 0.0
52647 0.0
59631 0.0
157132 0.0
439102 0.0
435452 0.0
122817 0.0
184432 0.0
788753 0.0
133794 0.0
35241 0.0
711340 0.0
470234 0.0
76328 0.0
441915 0.0
497207 0.0
644158 0.0
122293 0.0
46658 0.0
289956 0.0
186601 0.0
324749 0.0
172202 0.0
441075 0.0
771888 0.0
764626 0.0
464833 0.0
732093 0.0
87245 0.0
557033 0.0
697969 0.0
395375 0.0
643261 0.0
718485 0.0
